0.5 0.5 1.0
6 6 18 16 1 1 2 
59 23 9 6 2 1 
0.698147874013 0.130304520108 0.0353173517071 0.909655706914 0.480252983751 0.896865963343 
0.801162337078 0.999033556291 0.40311776097 0.529805445498 0.0200786540806 0.997887981184 
0.599194787305 0.99446115573 0.0617211946146 0.460449001046 0.284527007437 0.220460126246 
0.599274580493 0.902119602239 0.0541068157725 0.158693403138 0.788141711345 0.448060714598 
0.131614339631 0.834888714471 0.46064062913 0.41699104529 0.74192156067 0.908459144367 
0.741350480136 0.992933730825 0.378920648438 0.996774223208 0.99785775784 0.832072511876 
0.00688435974477 0.00108649769117 0.349497988741 0.094166546468 0.177104663908 0.164720366613 
0 1 2 3 2 3 3 2 3 2 1 3 2 2 4 2 3 3 0 2 3 2 1 5 6 2 2 2 3 2 2 0 0 3 3 2 2 3 1 3 3 3 0 6 0 2 3 2 1 1 
0 0 0 1 0 0 0 2 2 1 1 0 0 0 0 1 0 3 0 1 0 1 4 0 0 1 1 2 1 0 0 2 1 0 0 0 0 0 0 0 0 0 1 5 0 0 2 0 0 1 0 0 2 0 1 0 0 2 0 0 0 0 0 0 3 0 0 1 1 0 0 4 3 1 1 3 1 0 2 0 1 1 1 3 0 0 1 0 1 0 0 0 0 3 0 0 0 0 2 0 
